8.000000
4.000000
12.000000
4.000000
10.000000
7.047599
2.920612
11.174586
2.920612
9.111092
6.218156
1.960151
10.476161
1.960151
8.347158
5.496121
1.102938
9.889304
1.102938
7.692712
4.867920
0.335269
9.400572
0.335269
7.134246
4.321707
0.000000
8.998256
0.000000
6.659981
3.824610
0.000000
8.649623
0.000000
6.237116
3.352005
0.000000
8.330197
0.000000
5.841101
2.902113
0.000000
8.038346
0.000000
5.470229
2.473260
0.000000
7.772552
0.000000
5.122906
2.063872
0.000000
7.531398
0.000000
4.797635
1.672466
0.000000
7.313568
0.000000
4.493017
1.297645
0.000000
7.117834
0.000000
4.207740
0.938096
0.000000
6.943056
0.000000
3.940576
0.592576
0.000000
6.788175
0.000000
3.690376
0.259917
0.000000
6.652205
0.000000
3.456061
0.000000
0.000000
6.534235
0.000000
3.236624
0.000000
0.000000
6.431483
0.000000
3.029184
0.000000
0.000000
6.335316
0.000000
2.825005
0.000000
0.000000
6.245632
0.000000
2.623880
0.000000
0.000000
6.162332
0.000000
2.425601
0.000000
0.000000
6.085327
0.000000
2.229968
0.000000
0.000000
6.014533
0.000000
2.036779
0.000000
0.000000
5.949872
0.000000
1.845837
0.000000
0.000000
5.891273
0.000000
1.656948
0.000000
0.000000
5.838670
0.000000
1.469920
0.000000
0.000000
5.792005
0.000000
1.284561
0.000000
0.000000
5.751225
0.000000
1.100684
0.000000
0.000000
5.716282
0.000000
0.918102
0.000000
0.000000
5.687135
0.000000
0.736629
0.000000
0.000000
5.663749
0.000000
0.556081
0.000000
0.000000
5.646096
0.000000
0.376275
0.000000
0.000000
5.634150
0.000000
0.197031
0.000000
0.000000
5.627895
0.000000
0.018165
0.000000
0.000000
5.627318
0.000000
0.000000
0.000000
0.000000
5.627318
0.000000
0.000000
