0.2785
0.5469
0.9575
0.9649
0.1576
0.9706
0.2785
0.5469
0.9575
0.9649
0.1576
0.9706
0.2785
0.5469
0.9575
0.9649
0.1576
0.9882
0.2785
0.5469
0.9575
0.9649
1.2630
0.9882
0.2785
0.5469
0.9575
0.9649
1.7123
1.4375
0.2785
0.5469
0.9575
2.7860
1.7123
1.4375
0.2785
0.5469
0.9575
3.2519
1.7123
1.9034
0.2785
0.5469
0.9575
3.8734
2.3338
1.9034
0.2785
0.5469
0.9575
3.2070
1.6674
1.2371
0.2785
0.5469
5.1830
3.2070
1.6674
1.2371
0.2785
0.5469
6.7310
3.2070
1.6674
2.7850
0.2785
0.5469
7.6919
3.2070
2.6284
2.7850
0.2785
0.5469
6.4287
3.2070
1.3652
1.5218
0.2785
0.5469
7.8473
4.6256
1.3652
1.5218
0.2785
0.5469
7.2505
4.0288
1.3652
0.9250
0.2785
0.5469
8.0638
4.8421
2.1785
0.9250
0.2785
0.5469
7.4581
4.2364
1.5728
0.3193
0.2785
9.8188
7.4581
4.2364
1.5728
0.3193
0.2785
13.9359
7.4581
4.2364
1.5728
4.4365
0.2785
15.4307
7.4581
4.2364
3.0676
4.4365
0.2785
13.0698
7.4581
4.2364
0.7068
2.0756
0.2785
14.6861
7.4581
5.8527
0.7068
2.0756
0.2785
13.7174
7.4581
4.8841
0.7068
1.1070
0.2785
15.3325
7.4581
6.4991
2.3218
1.1070
0.2785
13.9762
7.4581
5.1429
0.9656
-0.2492
0.2785
15.5156
8.9975
5.1429
0.9656
-0.2492
0.2785
15.9573
9.4392
5.1429
0.9656
0.1924
0.2785
15.7401
9.2220
5.1429
0.7483
0.1924
0.2785
16.3984
9.8803
5.1429
1.4067
0.8507
0.2785
14.3455
7.8274
3.0899
1.4067
0.8507
0.2785
16.0774
9.5592
4.8218
1.4067
2.5826
0.2785
14.9583
8.4402
3.7028
0.2876
2.5826
0.2785
15.5754
9.0573
4.3199
0.9047
3.1997
19.3114
15.5754
9.0573
4.3199
0.9047
3.1997
25.6047
15.5754
9.0573
4.3199
0.9047
9.4931
30.0991
15.5754
9.0573
4.3199
5.3991
9.4931
24.1044
15.5754
9.0573
4.3199
-0.5956
3.4984
28.6498
15.5754
9.0573
8.8653
-0.5956
3.4984
26.2417
15.5754
9.0573
6.4572
-0.5956
1.0902
29.7797
15.5754
9.0573
9.9953
2.9424
1.0902
26.8952
15.5754
9.0573
7.1107
0.0578
-1.7943
29.3237
15.5754
11.4858
7.1107
0.0578
-1.7943
30.5146
15.5754
12.6767
7.1107
0.0578
-0.6034
29.7651
15.5754
11.9273
7.1107
-0.6916
-0.6034
31.3267
15.5754
13.4889
7.1107
0.8700
0.9582
26.5710
15.5754
8.7331
2.3549
0.8700
0.9582
30.4007
15.5754
12.5628
6.1846
0.8700
4.7879
27.9898
15.5754
10.1520
3.7738
-1.5409
4.7879
29.0923
15.5754
11.2544
4.8762
-0.4384
5.8903
31.0917
17.5748
11.2544
4.8762
-0.4384
5.8903
27.7576
14.2407
11.2544
4.8762
-0.4384
2.5563
32.8217
19.3048
11.2544
4.8762
4.6256
2.5563
27.8366
14.3198
11.2544
4.8762
-0.3594
-2.4288
30.8171
17.3002
11.2544
7.8566
-0.3594
-2.4288
30.4900
16.9731
11.2544
7.5296
-0.3594
-2.7558
30.1100
16.5931
11.2544
7.1496
-0.7393
-2.7558
32.8955
19.3786
11.2544
9.9350
2.0461
0.0296
28.3784
14.8615
6.7373
9.9350
2.0461
0.0296
32.5743
19.0574
10.9332
9.9350
2.0461
4.2255
28.6077
15.0908
6.9666
9.9350
-1.9205
4.2255
32.2256
18.7088
10.5845
9.9350
1.6975
7.8435
25.3532
11.8364
3.7122
3.0627
1.6975
7.8435
30.8685
17.3516
9.2274
8.5779
1.6975
13.3587
27.4348
13.9179
5.7937
5.1442
-1.7363
13.3587
26.8870
13.3701
5.2459
4.5964
-2.2840
12.8109
26.8870
13.3701
5.2459
4.5964
-2.2840
12.8109
26.8870
13.3701
5.2459
4.5964
-2.2840
5.7244
26.8870
13.3701
5.2459
4.5964
0.2864
5.7244
26.8870
13.3701
5.2459
4.5964
-1.5201
3.9179
26.8870
13.3701
5.2459
4.2386
-1.5201
3.9179
26.8870
13.3701
5.2459
2.3447
-1.5201
2.0240
26.8870
13.3701
5.2459
5.4499
1.5852
2.0240
26.8870
13.3701
5.2459
4.2144
0.3497
0.7886
26.8870
13.3701
6.8984
4.2144
0.3497
0.7886
26.8870
13.3701
7.6862
4.2144
0.3497
1.5764
26.8870
13.3701
8.8647
4.2144
1.5282
1.5764
26.8870
13.3701
8.2831
4.2144
0.9466
0.9949
26.8870
13.3701
7.9846
3.9159
0.9466
0.9949
26.8870
13.3701
8.0474
3.9787
0.9466
1.0577
26.8870
13.3701
8.6638
4.5951
1.5630
1.0577
26.8870
13.3701
8.1361
4.0674
1.0353
0.5299
26.8870
14.9480
8.1361
4.0674
1.0353
0.5299
26.8870
15.8612
8.1361
4.0674
1.0353
1.4432
26.8870
16.5233
8.1361
4.0674
1.6974
1.4432
26.8870
16.1250
8.1361
4.0674
1.2991
1.0448
26.8870
16.0096
8.1361
3.9519
1.2991
1.0448
26.8870
16.0058
8.1361
3.9481
1.2991
1.0410
26.8870
16.4540
8.1361
4.3964
1.7473
1.0410
26.8870
16.0708
8.1361
4.0132
1.3641
0.6578
26.8870
15.9467
8.0119
4.0132
1.3641
0.6578
26.8870
16.1768
8.2421
4.0132
1.3641
0.8880
26.8870
16.3070
8.3723
4.0132
1.4943
0.8880
26.8870
16.2701
8.3353
4.0132
1.4574
0.8510
26.8870
15.8989
7.9642
3.6420
1.4574
0.8510
26.8870
16.2852
8.3505
4.0283
1.4574
1.2373
26.8870
16.2124
8.2776
3.9555
1.3845
1.2373
26.8870
16.1720
8.2373
3.9151
1.3441
1.1969
29.9548
16.1720
8.2373
3.9151
1.3441
1.1969
31.0638
16.1720
8.2373
3.9151
1.3441
2.3059
32.0190
16.1720
8.2373
3.9151
2.2994
2.3059
31.0444
16.1720
8.2373
3.9151
1.3248
1.3313
31.6687
16.1720
8.2373
4.5394
1.3248
1.3313
31.3451
16.1720
8.2373
4.2157
1.3248
1.0077
32.0137
16.1720
8.2373
4.8844
1.9934
1.0077
31.4742
16.1720
8.2373
4.3449
1.4539
0.4682
31.6473
16.1720
8.4104
4.3449
1.4539
0.4682
31.9318
16.1720
8.6949
4.3449
1.4539
0.7526
31.8835
16.1720
8.6465
4.3449
1.4056
0.7526
32.0706
16.1720
8.8336
4.3449
1.5927
0.9397
31.3212
16.1720
8.0842
3.5954
1.5927
0.9397
31.9568
16.1720
8.7199
4.2311
1.5927
1.5754
31.6565
16.1720
8.4196
3.9308
1.2924
1.5754
31.7317
16.1720
8.4947
4.0060
1.3675
1.6506
31.7895
16.2298
8.4947
4.0060
1.3675
1.6506
31.3876
15.8279
8.4947
4.0060
1.3675
1.2487
32.2378
16.6781
8.4947
4.0060
2.2178
1.2487
31.4084
15.8487
8.4947
4.0060
1.3884
0.4193
31.8505
16.2908
8.4947
4.4481
1.3884
0.4193
31.8453
16.2856
8.4947
4.4428
1.3884
0.4140
31.8680
16.3083
8.4947
4.4656
1.4112
0.4140
32.1877
16.6280
8.4947
4.7853
1.7309
0.7337
31.4014
15.8417
7.7084
4.7853
1.7309
0.7337
32.1902
16.6305
8.4973
4.7853
1.7309
1.5225
31.5609
16.0012
7.8679
4.7853
1.1015
1.5225
32.1285
16.5688
8.4355
4.7853
1.6691
2.0901
30.9776
15.4179
7.2847
3.6345
1.6691
2.0901
31.9348
16.3751
8.2418
4.5916
1.6691
3.0472
31.4474
15.8877
7.7544
4.1042
1.1817
3.0472
31.1938
15.6341
7.5008
3.8506
0.9281
2.7936
31.1938
15.6341
7.5008
3.8506
0.9281
2.7936
31.1938
15.6341
7.5008
3.8506
0.9281
1.7174
31.1938
15.6341
7.5008
3.8506
1.5712
1.7174
31.1938
15.6341
7.5008
3.8506
1.3980
1.5442
31.1938
15.6341
7.5008
3.9403
1.3980
1.5442
31.1938
15.6341
7.5008
3.6496
1.3980
1.2535
31.1938
15.6341
7.5008
4.2210
1.9695
1.2535
31.1938
15.6341
7.5008
3.9546
1.7031
0.9871
31.1938
15.6341
7.8003
3.9546
1.7031
0.9871
31.1938
15.6341
7.9279
3.9546
1.7031
1.1147
31.1938
15.6341
8.1493
3.9546
1.9245
1.1147
31.1938
15.6341
8.0362
3.9546
1.8114
1.0016
31.1938
15.6341
8.0417
3.9601
1.8114
1.0016
31.1938
15.6341
8.0397
3.9581
1.8114
0.9995
31.1938
15.6341
8.1542
4.0726
1.9259
0.9995
31.1938
15.6341
8.0629
3.9812
1.8346
0.9082
31.1938
15.8536
8.0629
3.9812
1.8346
0.9082
31.1938
15.9965
8.0629
3.9812
1.8346
1.0511
31.1938
16.0978
8.0629
3.9812
1.9359
1.0511
31.1938
16.0469
8.0629
3.9812
1.8850
1.0002
31.1938
16.0300
8.0629
3.9643
1.8850
1.0002
31.1938
16.0333
8.0629
3.9676
1.8850
1.0035
31.1938
16.1017
8.0629
4.0361
1.9535
1.0035
31.1938
16.0449
8.0629
3.9792
1.8966
0.9466
31.1938
15.9802
7.9982
3.9792
1.8966
0.9466
31.1938
16.0252
8.0432
3.9792
1.8966
0.9916
31.1938
16.0462
8.0642
3.9792
1.9176
0.9916
31.1938
16.0345
8.0524
3.9792
1.9059
0.9798
31.1938
15.9948
8.0127
3.9396
1.9059
0.9798
31.1938
16.0386
8.0566
3.9834
1.9059
1.0237
31.1938
16.0479
8.0659
3.9927
1.9152
1.0237
31.1938
16.0207
8.0387
3.9655
1.8880
0.9964
31.6775
16.0207
8.0387
3.9655
1.8880
0.9964
31.8731
16.0207
8.0387
3.9655
1.8880
1.1921
32.0165
16.0207
8.0387
3.9655
2.0313
1.1921
31.8726
16.0207
8.0387
3.9655
1.8874
1.0482
31.9697
16.0207
8.0387
4.0627
1.8874
1.0482
31.9214
16.0207
8.0387
4.0143
1.8874
0.9998
32.0275
16.0207
8.0387
4.1205
1.9935
0.9998
31.9427
16.0207
8.0387
4.0357
1.9087
0.9150
31.9539
16.0207
8.0498
4.0357
1.9087
0.9150
32.0026
16.0207
8.0986
4.0357
1.9087
0.9638
31.9967
16.0207
8.0926
4.0357
1.9028
0.9638
32.0232
16.0207
8.1191
4.0357
1.9293
0.9903
31.9164
16.0207
8.0123
3.9289
1.9293
0.9903
32.0077
16.0207
8.1036
4.0201
1.9293
1.0815
31.9713
16.0207
8.0672
3.9837
1.8929
1.0815
31.9733
16.0207
8.0692
3.9858
1.8949
1.0835
31.9769
16.0243
8.0692
3.9858
1.8949
1.0835
31.9260
15.9735
8.0692
3.9858
1.8949
1.0327
32.0494
16.0968
8.0692
3.9858
2.0183
1.0327
31.9311
15.9785
8.0692
3.9858
1.8999
0.9144
31.9939
16.0413
8.0692
4.0485
1.8999
0.9144
31.9950
16.0424
8.0692
4.0497
1.8999
0.9155
32.0028
16.0502
8.0692
4.0574
1.9077
0.9155
32.0426
16.0900
8.0692
4.0973
1.9475
0.9554
31.9215
15.9689
7.9481
4.0973
1.9475
0.9554
32.0452
16.0926
8.0718
4.0973
1.9475
1.0790
31.9509
15.9983
7.9776
4.0973
1.8533
1.0790
32.0354
16.0828
8.0621
4.0973
1.9378
1.1635
31.8689
15.9163
7.8955
3.9307
1.9378
1.1635
32.0039
16.0514
8.0306
4.0658
1.9378
1.2986
31.9503
15.9977
7.9769
4.0121
1.8841
1.2986
31.8785
15.9259
7.9051
3.9403
1.8123
1.2268
31.8785
15.9259
7.9051
3.9403
1.8123
1.2268
31.8785
15.9259
7.9051
3.9403
1.8123
1.0907
31.8785
15.9259
7.9051
3.9403
1.9249
1.0907
31.8785
15.9259
7.9051
3.9403
1.9155
1.0813
31.8785
15.9259
7.9051
3.9761
1.9155
1.0813
31.8785
15.9259
7.9051
3.9416
1.9155
1.0469
31.8785
15.9259
7.9051
4.0273
2.0012
1.0469
31.8785
15.9259
7.9051
3.9821
1.9560
1.0016
31.8785
15.9259
7.9620
3.9821
1.9560
1.0016
31.8785
15.9259
7.9838
3.9821
1.9560
1.0234
31.8785
15.9259
8.0200
3.9821
1.9921
1.0234
31.8785
15.9259
7.9987
3.9821
1.9708
1.0021
31.8785
15.9259
8.0102
3.9936
1.9708
1.0021
31.8785
15.9259
8.0066
3.9900
1.9708
0.9985
31.8785
15.9259
8.0262
4.0096
1.9903
0.9985
31.8785
15.9259
8.0114
3.9948
1.9756
0.9838
31.8785
15.9703
8.0114
3.9948
1.9756
0.9838
31.8785
15.9979
8.0114
3.9948
1.9756
1.0113
31.8785
16.0138
8.0114
3.9948
1.9915
1.0113
31.8785
16.0038
8.0114
3.9948
1.9815
1.0013
31.8785
16.0046
8.0114
3.9956
1.9815
1.0013
31.8785
16.0037
8.0114
3.9947
1.9815
1.0004
31.8785
16.0158
8.0114
4.0067
1.9936
1.0004
31.8785
16.0059
8.0114
3.9969
1.9837
0.9905
31.8785
15.9955
8.0010
3.9969
1.9837
0.9905
31.8785
16.0033
8.0088
3.9969
1.9837
0.9983
31.8785
16.0058
8.0113
3.9969
1.9862
0.9983
31.8785
16.0048
8.0104
3.9969
1.9853
0.9973
31.8785
15.9976
8.0031
3.9896
1.9853
0.9973
31.8785
16.0050
8.0105
3.9970
1.9853
1.0047
31.8785
16.0063
8.0118
3.9983
1.9866
1.0047
31.8785
16.0017
8.0072
3.9937
1.9819
1.0000
31.9514
16.0017
8.0072
3.9937
1.9819
1.0000
31.9805
16.0017
8.0072
3.9937
1.9819
1.0292
32.0031
16.0017
8.0072
3.9937
2.0045
1.0292
31.9810
16.0017
8.0072
3.9937
1.9824
1.0072
31.9962
16.0017
8.0072
4.0089
1.9824
1.0072
31.9889
16.0017
8.0072
4.0015
1.9824
0.9998
32.0052
16.0017
8.0072
4.0178
1.9987
0.9998
31.9922
16.0017
8.0072
4.0049
1.9858
0.9869
31.9926
16.0017
8.0075
4.0049
1.9858
0.9869
32.0004
16.0017
8.0153
4.0049
1.9858
0.9947
31.9995
16.0017
8.0144
4.0049
1.9849
0.9947
32.0034
16.0017
8.0183
4.0049
1.9888
0.9986
31.9874
16.0017
8.0024
3.9889
1.9888
0.9986
32.0010
16.0017
8.0160
4.0025
1.9888
1.0122
31.9960
16.0017
8.0110
3.9975
1.9838
1.0122
31.9957
16.0017
8.0107
3.9972
1.9835
1.0119
31.9973
16.0032
8.0107
3.9972
1.9835
1.0119
31.9898
15.9958
8.0107
3.9972
1.9835
1.0044
32.0084
16.0143
8.0107
3.9972
2.0020
1.0044
31.9909
15.9968
8.0107
3.9972
1.9845
0.9869
31.9999
16.0059
8.0107
4.0063
1.9845
0.9869
32.0005
16.0065
8.0107
4.0068
1.9845
0.9875
32.0015
16.0074
8.0107
4.0078
1.9855
0.9875
32.0076
16.0135
8.0107
4.0139
1.9916
0.9936
31.9885
15.9945
7.9916
4.0139
1.9916
0.9936
32.0076
16.0135
8.0107
4.0139
1.9916
1.0127
31.9935
15.9995
7.9966
4.0139
1.9775
1.0127
32.0056
16.0115
8.0087
4.0139
1.9896
1.0248
31.9818
15.9877
7.9848
3.9901
1.9896
1.0248
32.0003
16.0062
8.0033
4.0086
1.9896
1.0433
31.9955
16.0014
7.9985
4.0038
1.9848
1.0433
31.9791
15.9850
7.9821
3.9874
1.9684
1.0269
31.9791
15.9850
7.9821
3.9874
1.9684
1.0269
31.9791
15.9850
7.9821
3.9874
1.9684
1.0108
31.9791
15.9850
7.9821
3.9874
1.9874
1.0108
31.9791
15.9850
7.9821
3.9874
1.9885
1.0119
31.9791
15.9850
7.9821
3.9950
1.9885
1.0119
31.9791
15.9850
7.9821
3.9909
1.9885
1.0078
31.9791
15.9850
7.9821
4.0032
2.0009
1.0078
31.9791
15.9850
7.9821
3.9961
1.9937
1.0006
31.9791
15.9850
7.9929
3.9961
1.9937
1.0006
31.9791
15.9850
7.9968
3.9961
1.9937
1.0045
31.9791
15.9850
8.0025
3.9961
1.9994
1.0045
31.9791
15.9850
7.9986
3.9961
1.9956
1.0007
31.9791
15.9850
8.0018
3.9993
1.9956
1.0007
31.9791
15.9850
8.0007
3.9982
1.9956
0.9996
31.9791
15.9850
8.0040
4.0015
1.9988
0.9996
31.9791
15.9850
8.0016
3.9991
1.9964
0.9972
31.9791
15.9940
8.0016
3.9991
1.9964
0.9972
31.9791
15.9993
8.0016
3.9991
1.9964
1.0025
31.9791
16.0018
8.0016
3.9991
1.9990
1.0025
31.9791
15.9998
8.0016
3.9991
1.9970
1.0005
31.9791
16.0005
8.0016
3.9998
1.9970
1.0005
31.9791
16.0000
8.0016
3.9993
1.9970
1.0001
31.9791
16.0022
8.0016
4.0015
1.9992
1.0001
31.9791
16.0004
8.0016
3.9997
1.9974
0.9983
31.9791
15.9992
8.0004
3.9997
1.9974
0.9983
31.9791
16.0005
8.0016
3.9997
1.9974
0.9996
31.9791
16.0008
8.0019
3.9997
1.9977
0.9996
31.9791
16.0008
8.0020
3.9997
1.9977
0.9996
31.9791
15.9993
8.0005
3.9982
1.9977
0.9996
31.9791
16.0007
8.0019
3.9997
1.9977
1.0010
31.9791
16.0007
8.0019
3.9996
1.9977
1.0010
31.9791
16.0001
8.0013
3.9991
1.9971
1.0004
31.9916
16.0001
8.0013
3.9991
1.9971
1.0004
31.9964
16.0001
8.0013
3.9991
1.9971
1.0052
32.0003
16.0001
8.0013
3.9991
2.0010
1.0052
31.9964
16.0001
8.0013
3.9991
1.9971
1.0013
31.9991
16.0001
8.0013
4.0018
1.9971
1.0013
31.9978
16.0001
8.0013
4.0005
1.9971
1.0000
32.0006
16.0001
8.0013
4.0032
1.9999
1.0000
31.9984
16.0001
8.0013
4.0010
1.9977
0.9978
31.9986
16.0001
8.0015
4.0010
1.9977
0.9978
31.9999
16.0001
8.0028
4.0010
1.9977
0.9991
31.9997
16.0001
8.0026
4.0010
1.9975
0.9991
32.0004
16.0001
8.0033
4.0010
1.9982
0.9998
31.9975
16.0001
8.0005
3.9982
1.9982
0.9998
31.9999
16.0001
8.0029
4.0006
1.9982
1.0022
31.9990
16.0001
8.0019
3.9996
1.9972
1.0022
31.9990
16.0001
8.0019
3.9997
1.9973
1.0022
31.9995
16.0006
8.0019
3.9997
1.9973
1.0022
31.9981
15.9992
8.0019
3.9997
1.9973
1.0008
32.0014
16.0025
8.0019
3.9997
2.0005
1.0008
31.9983
15.9994
8.0019
3.9997
1.9975
0.9977
31.9999
16.0010
8.0019
4.0013
1.9975
0.9977
32.0000
16.0011
8.0019
4.0014
1.9975
0.9978
32.0001
16.0012
8.0019
4.0014
1.9975
0.9978
32.0013
16.0024
8.0019
4.0026
1.9987
0.9990
31.9979
15.9990
7.9986
4.0026
1.9987
0.9990
32.0012
16.0023
8.0019
4.0026
1.9987
1.0023
31.9987
15.9998
7.9994
4.0026
1.9963
1.0023
32.0008
16.0019
8.0015
4.0026
1.9984
1.0044
31.9967
15.9978
7.9974
3.9985
1.9984
1.0044
31.9998
16.0010
8.0005
4.0017
1.9984
1.0075
31.9990
16.0001
7.9997
4.0009
1.9975
1.0075
31.9962
15.9973
7.9968
3.9980
1.9947
1.0047
31.9962
15.9973
7.9968
3.9980
1.9947
1.0047
31.9962
15.9973
7.9968
3.9980
1.9947
1.0019
31.9962
15.9973
7.9968
3.9980
1.9979
1.0019
31.9962
15.9973
7.9968
3.9980
1.9980
1.0020
31.9962
15.9973
7.9968
3.9992
1.9980
1.0020
31.9962
15.9973
7.9968
3.9985
1.9980
1.0013
31.9962
15.9973
7.9968
4.0006
2.0001
1.0013
31.9962
15.9973
7.9968
3.9994
1.9989
1.0001
31.9962
15.9973
7.9987
3.9994
1.9989
1.0001
31.9962
15.9973
7.9994
3.9994
1.9989
1.0008
31.9962
15.9973
8.0004
3.9994
1.9999
1.0008
31.9962
15.9973
7.9997
3.9994
1.9992
1.0001
31.9962
15.9973
8.0003
3.9999
1.9992
1.0001
31.9962
15.9973
8.0001
3.9997
1.9992
0.9999
31.9962
15.9973
8.0007
4.0003
1.9998
0.9999
31.9962
15.9973
8.0002
3.9999
1.9994
0.9995
31.9962
15.9989
8.0002
3.9999
1.9994
0.9995
31.9962
15.9998
8.0002
3.9999
1.9994
1.0005
31.9962
16.0003
8.0002
3.9999
1.9998
1.0005
31.9962
15.9999
8.0002
3.9999
1.9995
1.0001
31.9962
16.0001
8.0002
4.0000
1.9995
1.0001
31.9962
16.0000
8.0002
3.9999
1.9995
1.0000
31.9962
16.0004
8.0002
4.0003
1.9999
1.0000
31.9962
16.0000
8.0002
4.0000
1.9995
0.9997
31.9962
15.9999
8.0001
4.0000
1.9995
0.9997
31.9962
16.0001
8.0003
4.0000
1.9995
0.9999
31.9962
16.0001
8.0003
4.0000
1.9996
0.9999
31.9962
16.0002
8.0003
4.0000
1.9996
0.9999
31.9962
15.9999
8.0001
3.9997
1.9996
0.9999
31.9962
16.0001
8.0003
4.0000
1.9996
1.0002
31.9962
16.0001
8.0003
3.9999
1.9996
1.0002
31.9962
16.0000
8.0002
3.9999
1.9995
1.0001
31.9985
16.0000
8.0002
3.9999
1.9995
1.0001
31.9993
16.0000
8.0002
3.9999
1.9995
1.0010
32.0000
16.0000
8.0002
3.9999
2.0002
1.0010
31.9993
16.0000
8.0002
3.9999
1.9995
1.0002
31.9998
16.0000
8.0002
4.0004
1.9995
1.0002
31.9996
16.0000
8.0002
4.0001
1.9995
1.0000
32.0001
16.0000
8.0002
4.0006
2.0000
1.0000
31.9997
16.0000
8.0002
4.0002
1.9996
0.9996
31.9997
16.0000
8.0003
4.0002
1.9996
0.9996
32.0000
16.0000
8.0005
4.0002
1.9996
0.9998
31.9999
16.0000
8.0005
4.0002
1.9995
0.9998
32.0001
16.0000
8.0006
4.0002
1.9997
1.0000
31.9995
16.0000
8.0001
3.9997
1.9997
1.0000
32.0000
16.0000
8.0005
4.0001
1.9997
1.0004
31.9998
16.0000
8.0003
3.9999
1.9995
1.0004
31.9998
16.0000
8.0004
4.0000
1.9995
1.0004
31.9999
16.0001
8.0004
4.0000
1.9995
1.0004
31.9996
15.9999
8.0004
4.0000
1.9995
1.0002
32.0002
16.0005
8.0004
4.0000
2.0001
1.0002
31.9997
15.9999
8.0004
4.0000
1.9995
0.9996
32.0000
16.0002
8.0004
4.0003
1.9995
0.9996
32.0000
16.0002
8.0004
4.0003
1.9995
0.9996
32.0000
16.0002
8.0004
4.0003
1.9996
0.9996
32.0002
16.0004
8.0004
4.0005
1.9998
0.9998
31.9996
15.9998
7.9998
4.0005
1.9998
0.9998
32.0002
16.0004
8.0003
4.0005
1.9998
1.0004
31.9997
16.0000
7.9999
4.0005
1.9993
1.0004
32.0001
16.0004
8.0003
4.0005
1.9997
1.0008
31.9994
15.9996
7.9995
3.9997
1.9997
1.0008
32.0000
16.0002
8.0001
4.0003
1.9997
1.0014
31.9998
16.0000
7.9999
4.0002
1.9995
1.0014
31.9993
15.9995
7.9995
3.9997
1.9991
1.0009
